 -.3613401E+0  ,  0.4754699E-3
 -.3512807E+0  ,  0.5261517E-3
 -.3412213E+0  ,  0.5859383E-3
 -.3311620E+0  ,  0.6572705E-3
 -.3211026E+0  ,  0.7435018E-3
 -.3110432E+0  ,  0.8493555E-3
 -.3009839E+0  ,  0.9816783E-3
 -.2909245E+0  ,  0.1150741E-2
 -.2808651E+0  ,  0.1372594E-2
 -.2708057E+0  ,  0.1673613E-2
 -.2607464E+0  ,  0.2099921E-2
 -.2506870E+0  ,  0.2738871E-2
 -.2406276E+0  ,  0.3774257E-2
 -.2305682E+0  ,  0.5653287E-2
 -.2205089E+0  ,  0.9723800E-2
 -.2104495E+0  ,  0.2173449E-1
 -.2003901E+0  ,  0.8727604E-1
 -.1903307E+0  ,  0.1883489E+0
 -.1802714E+0  ,  0.3702513E-1
 -.1702120E+0  ,  0.1948291E-1
 -.1601526E+0  ,  0.2396828E-1
 -.1500933E+0  ,  0.8031249E-1
 -.1400339E+0  ,  0.1140266E+0
 -.1299745E+0  ,  0.3773686E-1
 -.1199151E+0  ,  0.8651741E-1
 -.1098558E+0  ,  0.5958656E-1
 -.9979639E-1  ,  0.1491436E+0
 -.8973702E-1  ,  0.7557591E-1
 -.7967765E-1  ,  0.2189101E-1
 -.6961828E-1  ,  0.1642373E-1
 -.5955890E-1  ,  0.2109851E-1
 -.4949953E-1  ,  0.3483685E-1
 -.3944016E-1  ,  0.3659734E-1
 -.2938079E-1  ,  0.4652632E-1
 -.1932141E-1  ,  0.2558864E-1
 -.9262040E-2  ,  0.5005755E-1
 0.7973330E-3  ,  0.1720320E-1
 0.1085671E-1  ,  0.1536174E-1
 0.2091608E-1  ,  0.3750694E-1
 0.3097545E-1  ,  0.8572956E-2
 0.4103482E-1  ,  0.5300456E-2
 0.5109420E-1  ,  0.5242784E-2
 0.6115357E-1  ,  0.1016853E-1
 0.7121294E-1  ,  0.1410148E-1
 0.8127232E-1  ,  0.7251784E-2
 0.9133169E-1  ,  0.1334125E-1
 0.1013911E+0  ,  0.8753798E-2
 0.1114504E+0  ,  0.5353823E-2
 0.1215098E+0  ,  0.5118725E-2
 0.1315692E+0  ,  0.2145876E-2
 0.1416286E+0  ,  0.3308365E-2
 0.1516879E+0  ,  0.4150644E-2
 0.1617473E+0  ,  0.1507596E-2
 0.1718067E+0  ,  0.1422071E-2
 0.1818660E+0  ,  0.1880964E-2
 0.1919254E+0  ,  0.2275137E-2
 0.2019848E+0  ,  0.2452220E-2
 0.2120442E+0  ,  0.2391310E-2
 0.2221035E+0  ,  0.1795499E-2
 0.2321629E+0  ,  0.1839555E-2
 0.2422223E+0  ,  0.8493267E-3
 0.2522817E+0  ,  0.1151202E-2
 0.2623410E+0  ,  0.5236667E-3
 0.2724004E+0  ,  0.4228886E-3
 0.2824598E+0  ,  0.8439502E-3
 0.2925191E+0  ,  0.4822782E-3
 0.3025785E+0  ,  0.4123226E-3
 0.3126379E+0  ,  0.4514914E-3
 0.3226973E+0  ,  0.5299793E-3
 0.3327566E+0  ,  0.5238346E-3
 0.3428160E+0  ,  0.6391633E-3
 0.3528754E+0  ,  0.3944287E-3
 0.3629348E+0  ,  0.2881016E-3
 0.3729941E+0  ,  0.2507256E-3
 0.3830535E+0  ,  0.2281184E-3
 0.3931129E+0  ,  0.1998307E-3
 0.4031722E+0  ,  0.1586672E-3
 0.4132316E+0  ,  0.1303914E-3
 0.4232910E+0  ,  0.1499999E-3
 0.4333504E+0  ,  0.1642713E-3
 0.4434097E+0  ,  0.1392859E-3
 0.4534691E+0  ,  0.1461896E-3
 0.4635285E+0  ,  0.1468897E-3
 0.4735879E+0  ,  0.1582963E-3
 0.4836472E+0  ,  0.1207170E-3
 0.4937066E+0  ,  0.1086644E-3
 0.5037660E+0  ,  0.9262910E-4
 0.5138253E+0  ,  0.9211550E-4
 0.5238847E+0  ,  0.7856858E-4
 0.5339441E+0  ,  0.7779592E-4
 0.5440035E+0  ,  0.7456975E-4
 0.5540628E+0  ,  0.6621032E-4
 0.5641222E+0  ,  0.6263711E-4
 0.5741816E+0  ,  0.6535898E-4
 0.5842410E+0  ,  0.6449976E-4
 0.5943003E+0  ,  0.6381356E-4
 0.6043597E+0  ,  0.6672317E-4
 0.6144191E+0  ,  0.5886962E-4
 0.6244784E+0  ,  0.5669311E-4
 0.6345378E+0  ,  0.5253304E-4
 0.6445972E+0  ,  0.4919212E-4
 0.6546566E+0  ,  0.4826542E-4
 0.6647159E+0  ,  0.4467085E-4
 0.6747753E+0  ,  0.4303733E-4
 0.6848347E+0  ,  0.4173137E-4
 0.6948941E+0  ,  0.4054726E-4
 0.7049534E+0  ,  0.3943930E-4
 0.7150128E+0  ,  0.3839019E-4
 0.7250722E+0  ,  0.3739102E-4
 0.7351315E+0  ,  0.3643619E-4
 0.7451909E+0  ,  0.3552169E-4
 0.7552503E+0  ,  0.3464440E-4
 0.7653097E+0  ,  0.3380175E-4
 0.7753690E+0  ,  0.3299153E-4
 0.7854284E+0  ,  0.3221182E-4
 0.7954878E+0  ,  0.3146089E-4
 0.8055472E+0  ,  0.3073717E-4
 0.8156065E+0  ,  0.3003924E-4
 0.8256659E+0  ,  0.2936579E-4
 0.8357253E+0  ,  0.2871561E-4
 0.8457846E+0  ,  0.2808756E-4
 0.8558440E+0  ,  0.2748060E-4
 0.8659034E+0  ,  0.2689375E-4
 0.8759628E+0  ,  0.2632610E-4
 0.8860221E+0  ,  0.2577678E-4
 0.8960815E+0  ,  0.2524498E-4
 0.9061409E+0  ,  0.2472994E-4
 0.9162003E+0  ,  0.2423094E-4
 0.9262596E+0  ,  0.2374731E-4
 0.9363190E+0  ,  0.2327840E-4
 0.9463784E+0  ,  0.2282362E-4
 0.9564377E+0  ,  0.2238238E-4
 0.9664971E+0  ,  0.2195414E-4
 0.9765565E+0  ,  0.2153839E-4
 0.9866159E+0  ,  0.2113463E-4
 0.9966752E+0  ,  0.2074242E-4
 0.1006735E+1  ,  0.2036129E-4
 0.1016794E+1  ,  0.1999084E-4
 0.1026853E+1  ,  0.1963066E-4
 0.1036913E+1  ,  0.1928037E-4
 0.1046972E+1  ,  0.1893961E-4
 0.1057031E+1  ,  0.1860804E-4
 0.1067091E+1  ,  0.1828532E-4
 0.1077150E+1  ,  0.1797115E-4
 0.1087210E+1  ,  0.1766521E-4
 0.1097269E+1  ,  0.1736723E-4
 0.1107328E+1  ,  0.1707692E-4
 0.1117388E+1  ,  0.1679403E-4
 0.1127447E+1  ,  0.1651830E-4
 0.1137506E+1  ,  0.1624950E-4
 0.1147566E+1  ,  0.1598739E-4
 0.1157625E+1  ,  0.1573176E-4
 0.1167685E+1  ,  0.1548239E-4
 0.1177744E+1  ,  0.1523908E-4
 0.1187803E+1  ,  0.1500163E-4
 0.1197863E+1  ,  0.1476987E-4
 0.1207922E+1  ,  0.1454360E-4
 0.1217981E+1  ,  0.1432267E-4
 0.1228041E+1  ,  0.1410690E-4
 0.1238100E+1  ,  0.1389614E-4
 0.1248160E+1  ,  0.1369023E-4
 0.1258219E+1  ,  0.1348903E-4
 0.1268278E+1  ,  0.1329239E-4
 0.1278338E+1  ,  0.1310019E-4
 0.1288397E+1  ,  0.1291228E-4
 0.1298456E+1  ,  0.1272855E-4
 0.1308516E+1  ,  0.1254888E-4
 0.1318575E+1  ,  0.1237315E-4
 0.1328635E+1  ,  0.1220124E-4
 0.1338694E+1  ,  0.1203305E-4
 0.1348753E+1  ,  0.1186847E-4
 0.1358813E+1  ,  0.1170741E-4
 0.1368872E+1  ,  0.1154976E-4
 0.1378931E+1  ,  0.1139544E-4
 0.1388991E+1  ,  0.1124436E-4
 0.1399050E+1  ,  0.1109641E-4
 0.1409110E+1  ,  0.1095154E-4
 0.1419169E+1  ,  0.1080964E-4
 0.1429228E+1  ,  0.1067065E-4
 0.1439288E+1  ,  0.1053448E-4
 0.1449347E+1  ,  0.1040107E-4
 0.1459406E+1  ,  0.1027035E-4
 0.1469466E+1  ,  0.1014224E-4
 0.1479525E+1  ,  0.1001668E-4
 0.1489585E+1  ,  0.9893608E-5
 0.1499644E+1  ,  0.9772960E-5
 0.1509703E+1  ,  0.9654678E-5
 0.1519763E+1  ,  0.9538703E-5
 0.1529822E+1  ,  0.9424980E-5
 0.1539881E+1  ,  0.9313454E-5
 0.1549941E+1  ,  0.9204074E-5
 0.1560000E+1  ,  0.9096789E-5
 0.1570059E+1  ,  0.8991550E-5
 0.1580119E+1  ,  0.8888310E-5
 0.1590178E+1  ,  0.8787022E-5
 0.1600238E+1  ,  0.8687643E-5
 0.1610297E+1  ,  0.8590128E-5
 0.1620356E+1  ,  0.8494438E-5
 0.1630416E+1  ,  0.8400531E-5
 0.1640475E+1  ,  0.8308368E-5
 0.1650534E+1  ,  0.8217912E-5
 0.1660594E+1  ,  0.8129125E-5
 0.1670653E+1  ,  0.8041972E-5
 0.1680713E+1  ,  0.7956420E-5
 0.1690772E+1  ,  0.7872434E-5
 0.1700831E+1  ,  0.7789982E-5
 0.1710891E+1  ,  0.7709033E-5
 0.1720950E+1  ,  0.7629557E-5
 0.1731009E+1  ,  0.7551525E-5
 0.1741069E+1  ,  0.7474907E-5
 0.1751128E+1  ,  0.7399678E-5
 0.1761188E+1  ,  0.7325809E-5
 0.1771247E+1  ,  0.7253276E-5
 0.1781306E+1  ,  0.7182053E-5
 0.1791366E+1  ,  0.7112117E-5
 0.1801425E+1  ,  0.7043444E-5
 0.1811484E+1  ,  0.6976011E-5
 0.1821544E+1  ,  0.6909797E-5
 0.1831603E+1  ,  0.6844782E-5
 0.1841663E+1  ,  0.6780943E-5
 0.1851722E+1  ,  0.6718263E-5
 0.1861781E+1  ,  0.6656722E-5
 0.1871841E+1  ,  0.6596302E-5
 0.1881900E+1  ,  0.6536986E-5
 0.1891959E+1  ,  0.6478756E-5
 0.1902019E+1  ,  0.6421596E-5
 0.1912078E+1  ,  0.6365491E-5
 0.1922138E+1  ,  0.6310427E-5
 0.1932197E+1  ,  0.6256387E-5
 0.1942256E+1  ,  0.6203360E-5
 0.1952316E+1  ,  0.6151331E-5
 0.1962375E+1  ,  0.6100289E-5
 0.1972434E+1  ,  0.6050222E-5
 0.1982494E+1  ,  0.6001117E-5
 0.1992553E+1  ,  0.5952965E-5
 0.2002613E+1  ,  0.5905756E-5
 0.2012672E+1  ,  0.5859480E-5
 0.2022731E+1  ,  0.5814128E-5
 0.2032791E+1  ,  0.5769692E-5
 0.2042850E+1  ,  0.5726165E-5
 0.2052909E+1  ,  0.5683539E-5
 0.2062969E+1  ,  0.5641808E-5
 0.2073028E+1  ,  0.5600966E-5
 0.2083087E+1  ,  0.5561008E-5
 0.2093147E+1  ,  0.5521930E-5
 0.2103206E+1  ,  0.5483728E-5
 0.2113266E+1  ,  0.5446399E-5
 0.2123325E+1  ,  0.5409939E-5
 0.2133384E+1  ,  0.5374349E-5
 0.2143444E+1  ,  0.5339626E-5
 0.2153503E+1  ,  0.5305770E-5
 0.2163562E+1  ,  0.5272782E-5
 0.2173622E+1  ,  0.5240663E-5
 0.2183681E+1  ,  0.5209416E-5
 0.2193741E+1  ,  0.5179042E-5
 0.2203800E+1  ,  0.5149547E-5
 0.2213859E+1  ,  0.5120935E-5
 0.2223919E+1  ,  0.5093212E-5
 0.2233978E+1  ,  0.5066384E-5
 0.2244037E+1  ,  0.5040459E-5
 0.2254097E+1  ,  0.5015447E-5
 0.2264156E+1  ,  0.4991358E-5
 0.2274216E+1  ,  0.4968202E-5
 0.2284275E+1  ,  0.4945993E-5
 0.2294334E+1  ,  0.4924745E-5
 0.2304394E+1  ,  0.4904473E-5
 0.2314453E+1  ,  0.4885194E-5
 0.2324512E+1  ,  0.4866927E-5
 0.2334572E+1  ,  0.4849692E-5
 0.2344631E+1  ,  0.4833512E-5
 0.2354691E+1  ,  0.4818411E-5
 0.2364750E+1  ,  0.4804415E-5
 0.2374809E+1  ,  0.4791554E-5
 0.2384869E+1  ,  0.4779857E-5
 0.2394928E+1  ,  0.4769358E-5
 0.2404987E+1  ,  0.4760095E-5
 0.2415047E+1  ,  0.4752106E-5
 0.2425106E+1  ,  0.4745434E-5
 0.2435166E+1  ,  0.4740126E-5
 0.2445225E+1  ,  0.4736231E-5
 0.2455284E+1  ,  0.4733803E-5
 0.2465344E+1  ,  0.4732900E-5
 0.2475403E+1  ,  0.4733587E-5
 0.2485462E+1  ,  0.4735931E-5
 0.2495522E+1  ,  0.4740006E-5
 0.2505581E+1  ,  0.4745893E-5
 0.2515641E+1  ,  0.4753679E-5
 0.2525700E+1  ,  0.4763457E-5
 0.2535759E+1  ,  0.4775331E-5
 0.2545819E+1  ,  0.4789412E-5
 0.2555878E+1  ,  0.4805821E-5
 0.2565937E+1  ,  0.4824689E-5
 0.2575997E+1  ,  0.4846159E-5
 0.2586056E+1  ,  0.4870390E-5
 0.2596116E+1  ,  0.4897550E-5
 0.2606175E+1  ,  0.4927827E-5
 0.2616234E+1  ,  0.4961425E-5
 0.2626294E+1  ,  0.4998568E-5
 0.2636353E+1  ,  0.5039503E-5
 0.2646412E+1  ,  0.5084499E-5
 0.2656472E+1  ,  0.5133855E-5
 0.2666531E+1  ,  0.5187899E-5
 0.2676590E+1  ,  0.5246993E-5
 0.2686650E+1  ,  0.5311539E-5
 0.2696709E+1  ,  0.5381984E-5
 0.2706769E+1  ,  0.5458823E-5
 0.2716828E+1  ,  0.5542606E-5
 0.2726887E+1  ,  0.5633951E-5
 0.2736947E+1  ,  0.5733547E-5
 0.2747006E+1  ,  0.5842168E-5
 0.2757065E+1  ,  0.5960683E-5
 0.2767125E+1  ,  0.6090073E-5
 0.2777184E+1  ,  0.6231451E-5
 0.2787244E+1  ,  0.6386074E-5
 0.2797303E+1  ,  0.6555378E-5
 0.2807362E+1  ,  0.6741002E-5
 0.2817422E+1  ,  0.6944823E-5
 0.2827481E+1  ,  0.7169004E-5
 0.2837540E+1  ,  0.7416042E-5
 0.2847600E+1  ,  0.7688836E-5
 0.2857659E+1  ,  0.7990765E-5
 0.2867719E+1  ,  0.8325789E-5
 0.2877778E+1  ,  0.8698567E-5
 0.2887837E+1  ,  0.9114620E-5
 0.2897897E+1  ,  0.9580521E-5
 0.2907956E+1  ,  0.1010415E-4
 0.2918015E+1  ,  0.1069502E-4
 0.2928075E+1  ,  0.1136469E-4
 0.2938134E+1  ,  0.1212735E-4
 0.2948194E+1  ,  0.1300052E-4
 0.2958253E+1  ,  0.1400607E-4
 0.2968312E+1  ,  0.1517163E-4
 0.2978372E+1  ,  0.1653243E-4
 0.2988431E+1  ,  0.1813401E-4
 0.2998490E+1  ,  0.2003612E-4
 0.3008550E+1  ,  0.2231840E-4
 0.3018609E+1  ,  0.2508906E-4
 0.3028669E+1  ,  0.2849837E-4
 0.3038728E+1  ,  0.3276073E-4
 0.3048787E+1  ,  0.3819285E-4
 0.3058847E+1  ,  0.4528648E-4
 0.3068906E+1  ,  0.5487326E-4
 0.3078965E+1  ,  0.6865849E-4
 0.3089025E+1  ,  0.9271074E-4
 0.3099084E+1  ,  0.1485415E-3
 0.3109144E+1  ,  0.1570862E-3
 0.3119203E+1  ,  0.2210194E-3
 0.3129262E+1  ,  0.3504100E-3
 0.3139322E+1  ,  0.6450109E-3
 0.3149381E+1  ,  0.1547500E-2
 0.3159440E+1  ,  0.6599363E-2
 0.3169500E+1  ,  0.1420713E-1
 0.3179559E+1  ,  0.2478912E-2
 0.3189619E+1  ,  0.8707680E-3
 0.3199678E+1  ,  0.4346624E-3
 0.3209737E+1  ,  0.2595546E-3
 0.3219797E+1  ,  0.1725649E-3
 0.3229856E+1  ,  0.1232324E-3
 0.3239915E+1  ,  0.9261641E-4
 0.3249975E+1  ,  0.7233605E-4
 0.3260034E+1  ,  0.5822625E-4
 0.3270093E+1  ,  0.4803349E-4
 0.3280153E+1  ,  0.4046851E-4
 0.3290212E+1  ,  0.3483194E-4
 0.3300272E+1  ,  0.3154435E-4
 0.3310331E+1  ,  0.2808073E-4
 0.3320390E+1  ,  0.2376039E-4
 0.3330450E+1  ,  0.2117832E-4
 0.3340509E+1  ,  0.1917388E-4
 0.3350568E+1  ,  0.1755315E-4
 0.3360628E+1  ,  0.1623644E-4
 0.3370687E+1  ,  0.1518248E-4
 0.3380747E+1  ,  0.1438147E-4
 0.3390806E+1  ,  0.1388215E-4
 0.3400865E+1  ,  0.1396243E-4
 0.3410925E+1  ,  0.1682684E-4
 0.3420984E+1  ,  0.2291171E-4
 0.3431043E+1  ,  0.1458644E-4
 0.3441103E+1  ,  0.1408762E-4
 0.3451162E+1  ,  0.1515950E-4
 0.3461222E+1  ,  0.1779011E-4
 0.3471281E+1  ,  0.2383895E-4
 0.3481340E+1  ,  0.4360114E-4
 0.3491400E+1  ,  0.1051295E-3
 0.3501459E+1  ,  0.1223948E-3
 0.3511518E+1  ,  0.5754612E-3
 0.3521578E+1  ,  0.4144688E-3
 0.3531637E+1  ,  0.9626087E-4
 0.3541697E+1  ,  0.5892410E-4
 0.3551756E+1  ,  0.3281035E-4
 0.3561815E+1  ,  0.1858884E-4
 0.3571875E+1  ,  0.1349831E-4
 0.3581934E+1  ,  0.1078029E-4
 0.3591993E+1  ,  0.9085306E-5
 0.3602053E+1  ,  0.7930940E-5
 0.3612112E+1  ,  0.7095852E-5
 0.3622172E+1  ,  0.6463855E-5
 0.3632231E+1  ,  0.5968375E-5
 0.3642290E+1  ,  0.5568751E-5
 0.3652350E+1  ,  0.5238889E-5
 0.3662409E+1  ,  0.4961365E-5
 0.3672468E+1  ,  0.4724154E-5
 0.3682528E+1  ,  0.4518734E-5
 0.3692587E+1  ,  0.4338935E-5
 0.3702647E+1  ,  0.4180216E-5
 0.3712706E+1  ,  0.4039215E-5
 0.3722765E+1  ,  0.3913454E-5
 0.3732825E+1  ,  0.3801164E-5
 0.3742884E+1  ,  0.3701211E-5
 0.3752943E+1  ,  0.3613102E-5
 0.3763003E+1  ,  0.3537140E-5
 0.3773062E+1  ,  0.3474803E-5
 0.3783121E+1  ,  0.3429644E-5
 0.3793181E+1  ,  0.3409503E-5
 0.3803240E+1  ,  0.3432622E-5
 0.3813300E+1  ,  0.3548450E-5
 0.3823359E+1  ,  0.3935626E-5
 0.3833418E+1  ,  0.5716020E-5
 0.3843478E+1  ,  0.1315851E-4
 0.3853537E+1  ,  0.8048001E-5
 0.3863596E+1  ,  0.2439478E-4
 0.3873656E+1  ,  0.9082932E-5
 0.3883715E+1  ,  0.4421957E-5
 0.3893775E+1  ,  0.3429036E-5
 0.3903834E+1  ,  0.3049158E-5
 0.3913893E+1  ,  0.2850664E-5
 0.3923953E+1  ,  0.2725136E-5
 0.3934012E+1  ,  0.2635092E-5
 0.3944071E+1  ,  0.2564726E-5
 0.3954131E+1  ,  0.2506393E-5
 0.3964190E+1  ,  0.2456004E-5
 0.3974250E+1  ,  0.2411197E-5
 0.3984309E+1  ,  0.2370518E-5
 0.3994368E+1  ,  0.2333023E-5
 0.4004428E+1  ,  0.2298075E-5
 0.4014487E+1  ,  0.2265223E-5
 0.4024546E+1  ,  0.2234139E-5
 0.4034606E+1  ,  0.2204579E-5
 0.4044665E+1  ,  0.2176353E-5
 0.4054725E+1  ,  0.2149310E-5
 0.4064784E+1  ,  0.2123333E-5
 0.4074843E+1  ,  0.2098320E-5
 0.4084903E+1  ,  0.2074191E-5
 0.4094962E+1  ,  0.2050875E-5
 0.4105021E+1  ,  0.2028312E-5
 0.4115081E+1  ,  0.2006451E-5
 0.4125140E+1  ,  0.1985245E-5
 0.4135200E+1  ,  0.1964654E-5
 0.4145259E+1  ,  0.1944642E-5
 0.4155318E+1  ,  0.1925176E-5
 0.4165378E+1  ,  0.1906228E-5
 0.4175437E+1  ,  0.1887770E-5
 0.4185496E+1  ,  0.1869778E-5
 0.4195556E+1  ,  0.1852230E-5
 0.4205615E+1  ,  0.1835104E-5
 0.4215675E+1  ,  0.1818382E-5
 0.4225734E+1  ,  0.1802045E-5
 0.4235793E+1  ,  0.1786078E-5
 0.4245853E+1  ,  0.1770465E-5
 0.4255912E+1  ,  0.1755191E-5
 0.4265971E+1  ,  0.1740243E-5
 0.4276031E+1  ,  0.1725608E-5
 0.4286090E+1  ,  0.1711274E-5
 0.4296150E+1  ,  0.1697230E-5
 0.4306209E+1  ,  0.1683465E-5
 0.4316268E+1  ,  0.1669970E-5
 0.4326328E+1  ,  0.1656733E-5
 0.4336387E+1  ,  0.1643748E-5
 0.4346446E+1  ,  0.1631004E-5
 0.4356506E+1  ,  0.1618495E-5
 0.4366565E+1  ,  0.1606211E-5
 0.4376624E+1  ,  0.1594146E-5
 0.4386684E+1  ,  0.1582293E-5
 0.4396743E+1  ,  0.1570645E-5
 0.4406803E+1  ,  0.1559196E-5
 0.4416862E+1  ,  0.1547939E-5
 0.4426921E+1  ,  0.1536869E-5
 0.4436981E+1  ,  0.1525980E-5
 0.4447040E+1  ,  0.1515267E-5
 0.4457099E+1  ,  0.1504725E-5
 0.4467159E+1  ,  0.1494349E-5
 0.4477218E+1  ,  0.1484134E-5
 0.4487278E+1  ,  0.1474076E-5
 0.4497337E+1  ,  0.1464170E-5
 0.4507396E+1  ,  0.1454413E-5
 0.4517456E+1  ,  0.1444800E-5
 0.4527515E+1  ,  0.1435328E-5
 0.4537574E+1  ,  0.1425992E-5
 0.4547634E+1  ,  0.1416790E-5
 0.4557693E+1  ,  0.1407718E-5
 0.4567753E+1  ,  0.1398772E-5
 0.4577812E+1  ,  0.1389950E-5
 0.4587871E+1  ,  0.1381248E-5
 0.4597931E+1  ,  0.1372664E-5
 0.4607990E+1  ,  0.1364195E-5
 0.4618049E+1  ,  0.1355838E-5
 0.4628109E+1  ,  0.1347590E-5
 0.4638168E+1  ,  0.1339449E-5
 0.4648228E+1  ,  0.1331412E-5
 0.4658287E+1  ,  0.1323477E-5
 0.4668346E+1  ,  0.1315642E-5
 0.4678406E+1  ,  0.1307904E-5
 0.4688465E+1  ,  0.1300262E-5
 0.4698524E+1  ,  0.1292713E-5
 0.4708584E+1  ,  0.1285256E-5
 0.4718643E+1  ,  0.1277887E-5
 0.4728703E+1  ,  0.1270606E-5
 0.4738762E+1  ,  0.1263411E-5
 0.4748821E+1  ,  0.1256300E-5
 0.4758881E+1  ,  0.1249270E-5
 0.4768940E+1  ,  0.1242321E-5
 0.4778999E+1  ,  0.1235451E-5
 0.4789059E+1  ,  0.1228659E-5
 0.4799118E+1  ,  0.1221942E-5
 0.4809178E+1  ,  0.1215299E-5
 0.4819237E+1  ,  0.1208729E-5
 0.4829296E+1  ,  0.1202231E-5
 0.4839356E+1  ,  0.1195803E-5
 0.4849415E+1  ,  0.1189443E-5
 0.4859474E+1  ,  0.1183152E-5
 0.4869534E+1  ,  0.1176926E-5
 0.4879593E+1  ,  0.1170765E-5
 0.4889652E+1  ,  0.1164669E-5
 0.4899712E+1  ,  0.1158635E-5
 0.4909771E+1  ,  0.1152663E-5
 0.4919831E+1  ,  0.1146751E-5
 0.4929890E+1  ,  0.1140899E-5
 0.4939949E+1  ,  0.1135105E-5
 0.4950009E+1  ,  0.1129369E-5
 0.4960068E+1  ,  0.1123690E-5
 0.4970127E+1  ,  0.1118066E-5
 0.4980187E+1  ,  0.1112496E-5
 0.4990246E+1  ,  0.1106981E-5
 0.5000306E+1  ,  0.1101518E-5
 0.5010365E+1  ,  0.1096107E-5
 0.5020424E+1  ,  0.1090748E-5
 0.5030484E+1  ,  0.1085438E-5
 0.5040543E+1  ,  0.1080179E-5
 0.5050602E+1  ,  0.1074968E-5
 0.5060662E+1  ,  0.1069805E-5
 0.5070721E+1  ,  0.1064689E-5
 0.5080781E+1  ,  0.1059620E-5
 0.5090840E+1  ,  0.1054597E-5
 0.5100899E+1  ,  0.1049619E-5
 0.5110959E+1  ,  0.1044685E-5
 0.5121018E+1  ,  0.1039796E-5
 0.5131077E+1  ,  0.1034949E-5
 0.5141137E+1  ,  0.1030145E-5
 0.5151196E+1  ,  0.1025383E-5
 0.5161256E+1  ,  0.1020662E-5
 0.5171315E+1  ,  0.1015982E-5
 0.5181374E+1  ,  0.1011343E-5
 0.5191434E+1  ,  0.1006742E-5
 0.5201493E+1  ,  0.1002181E-5
 0.5211552E+1  ,  0.9976587E-6
 0.5221612E+1  ,  0.9931741E-6
 0.5231671E+1  ,  0.9887269E-6
 0.5241731E+1  ,  0.9843167E-6
 0.5251790E+1  ,  0.9799430E-6
 0.5261849E+1  ,  0.9756052E-6
 0.5271909E+1  ,  0.9713030E-6
 0.5281968E+1  ,  0.9670358E-6
 0.5292027E+1  ,  0.9628031E-6
 0.5302087E+1  ,  0.9586047E-6
 0.5312146E+1  ,  0.9544399E-6
 0.5322206E+1  ,  0.9503084E-6
 0.5332265E+1  ,  0.9462097E-6
 0.5342324E+1  ,  0.9421435E-6
 0.5352384E+1  ,  0.9381093E-6
 0.5362443E+1  ,  0.9341067E-6
 0.5372502E+1  ,  0.9301354E-6
 0.5382562E+1  ,  0.9261950E-6
 0.5392621E+1  ,  0.9222850E-6
 0.5402681E+1  ,  0.9184051E-6
 0.5412740E+1  ,  0.9145551E-6
 0.5422799E+1  ,  0.9107344E-6
 0.5432859E+1  ,  0.9069428E-6
 0.5442918E+1  ,  0.9031799E-6
 0.5452977E+1  ,  0.8994454E-6
 0.5463037E+1  ,  0.8957389E-6
 0.5473096E+1  ,  0.8920602E-6
 0.5483155E+1  ,  0.8884089E-6
 0.5493215E+1  ,  0.8847847E-6
 0.5503274E+1  ,  0.8811873E-6
 0.5513334E+1  ,  0.8776164E-6
 0.5523393E+1  ,  0.8740718E-6
 0.5533452E+1  ,  0.8705530E-6
 0.5543512E+1  ,  0.8670599E-6
 0.5553571E+1  ,  0.8635921E-6
 0.5563630E+1  ,  0.8601494E-6
 0.5573690E+1  ,  0.8567315E-6
 0.5583749E+1  ,  0.8533382E-6
 0.5593809E+1  ,  0.8499691E-6
 0.5603868E+1  ,  0.8466241E-6
 0.5613927E+1  ,  0.8433028E-6
 0.5623987E+1  ,  0.8400051E-6
 0.5634046E+1  ,  0.8367306E-6
 0.5644105E+1  ,  0.8334792E-6
 0.5654165E+1  ,  0.8302507E-6
 0.5664224E+1  ,  0.8270446E-6
 0.5674284E+1  ,  0.8238610E-6
 0.5684343E+1  ,  0.8206995E-6
 0.5694402E+1  ,  0.8175598E-6
 0.5704462E+1  ,  0.8144419E-6
 0.5714521E+1  ,  0.8113455E-6
 0.5724580E+1  ,  0.8082703E-6
 0.5734640E+1  ,  0.8052162E-6
 0.5744699E+1  ,  0.8021829E-6
 0.5754759E+1  ,  0.7991703E-6
 0.5764818E+1  ,  0.7961782E-6
 0.5774877E+1  ,  0.7932063E-6
 0.5784937E+1  ,  0.7902545E-6
 0.5794996E+1  ,  0.7873226E-6
 0.5805055E+1  ,  0.7844104E-6
 0.5815115E+1  ,  0.7815178E-6
 0.5825174E+1  ,  0.7786445E-6
 0.5835234E+1  ,  0.7757903E-6
 0.5845293E+1  ,  0.7729552E-6
 0.5855352E+1  ,  0.7701389E-6
 0.5865412E+1  ,  0.7673412E-6
 0.5875471E+1  ,  0.7645621E-6
 0.5885530E+1  ,  0.7618013E-6
 0.5895590E+1  ,  0.7590587E-6
 0.5905649E+1  ,  0.7563340E-6
 0.5915709E+1  ,  0.7536273E-6
 0.5925768E+1  ,  0.7509383E-6
 0.5935827E+1  ,  0.7482668E-6
 0.5945887E+1  ,  0.7456127E-6
 0.5955946E+1  ,  0.7429759E-6
 0.5966005E+1  ,  0.7403562E-6
 0.5976065E+1  ,  0.7377535E-6
 0.5986124E+1  ,  0.7351677E-6
 0.5996184E+1  ,  0.7325986E-6
 0.6006243E+1  ,  0.7300460E-6
 0.6016302E+1  ,  0.7275099E-6
 0.6026362E+1  ,  0.7249901E-6
 0.6036421E+1  ,  0.7224864E-6
 0.6046480E+1  ,  0.7199989E-6
 0.6056540E+1  ,  0.7175272E-6
 0.6066599E+1  ,  0.7150714E-6
 0.6076658E+1  ,  0.7126312E-6
 0.6086718E+1  ,  0.7102066E-6
 0.6096777E+1  ,  0.7077975E-6
 0.6106837E+1  ,  0.7054037E-6
 0.6116896E+1  ,  0.7030252E-6
 0.6126955E+1  ,  0.7006617E-6
 0.6137015E+1  ,  0.6983133E-6
 0.6147074E+1  ,  0.6959797E-6
 0.6157133E+1  ,  0.6936609E-6
 0.6167193E+1  ,  0.6913569E-6
 0.6177252E+1  ,  0.6890674E-6
 0.6187312E+1  ,  0.6867923E-6
 0.6197371E+1  ,  0.6845317E-6
 0.6207430E+1  ,  0.6822854E-6
 0.6217490E+1  ,  0.6800532E-6
 0.6227549E+1  ,  0.6778351E-6
 0.6237608E+1  ,  0.6756310E-6
 0.6247668E+1  ,  0.6734409E-6
 0.6257727E+1  ,  0.6712645E-6
 0.6267787E+1  ,  0.6691019E-6
 0.6277846E+1  ,  0.6669530E-6
 0.6287905E+1  ,  0.6648175E-6
 0.6297965E+1  ,  0.6626956E-6
 0.6308024E+1  ,  0.6605871E-6
 0.6318083E+1  ,  0.6584918E-6
 0.6328143E+1  ,  0.6564098E-6
 0.6338202E+1  ,  0.6543410E-6
 0.6348262E+1  ,  0.6522852E-6
 0.6358321E+1  ,  0.6502425E-6
 0.6368380E+1  ,  0.6482126E-6
 0.6378440E+1  ,  0.6461957E-6
 0.6388499E+1  ,  0.6441915E-6
 0.6398558E+1  ,  0.6422000E-6
 0.6408618E+1  ,  0.6402212E-6
 0.6418677E+1  ,  0.6382550E-6
 0.6428737E+1  ,  0.6363013E-6
 0.6438796E+1  ,  0.6343600E-6
 0.6448855E+1  ,  0.6324312E-6
 0.6458915E+1  ,  0.6305147E-6
 0.6468974E+1  ,  0.6286104E-6
 0.6479033E+1  ,  0.6267184E-6
 0.6489093E+1  ,  0.6248385E-6
 0.6499152E+1  ,  0.6229708E-6
 0.6509212E+1  ,  0.6211151E-6
 0.6519271E+1  ,  0.6192714E-6
 0.6529330E+1  ,  0.6174396E-6
 0.6539390E+1  ,  0.6156198E-6
 0.6549449E+1  ,  0.6138118E-6
 0.6559508E+1  ,  0.6120156E-6
 0.6569568E+1  ,  0.6102312E-6
 0.6579627E+1  ,  0.6084584E-6
 0.6589686E+1  ,  0.6066974E-6
 0.6599746E+1  ,  0.6049480E-6
 0.6609805E+1  ,  0.6032102E-6
 0.6619865E+1  ,  0.6014839E-6
 0.6629924E+1  ,  0.5997692E-6
 0.6639983E+1  ,  0.5980660E-6
 0.6650043E+1  ,  0.5963742E-6
 0.6660102E+1  ,  0.5946938E-6
 0.6670161E+1  ,  0.5930248E-6
 0.6680221E+1  ,  0.5913671E-6
 0.6690280E+1  ,  0.5897208E-6
 0.6700340E+1  ,  0.5880859E-6
 0.6710399E+1  ,  0.5864621E-6
 0.6720458E+1  ,  0.5848497E-6
 0.6730518E+1  ,  0.5832485E-6
 0.6740577E+1  ,  0.5816585E-6
 0.6750636E+1  ,  0.5800797E-6
 0.6760696E+1  ,  0.5785120E-6
 0.6770755E+1  ,  0.5769556E-6
 0.6780815E+1  ,  0.5754103E-6
 0.6790874E+1  ,  0.5738761E-6
 0.6800933E+1  ,  0.5723531E-6
 0.6810993E+1  ,  0.5708412E-6
 0.6821052E+1  ,  0.5693404E-6
 0.6831111E+1  ,  0.5678508E-6
 0.6841171E+1  ,  0.5663722E-6
 0.6851230E+1  ,  0.5649048E-6
 0.6861290E+1  ,  0.5634485E-6
 0.6871349E+1  ,  0.5620032E-6
 0.6881408E+1  ,  0.5605691E-6
 0.6891468E+1  ,  0.5591462E-6
 0.6901527E+1  ,  0.5577343E-6
 0.6911586E+1  ,  0.5563337E-6
 0.6921646E+1  ,  0.5549441E-6
 0.6931705E+1  ,  0.5535658E-6
 0.6941765E+1  ,  0.5521986E-6
 0.6951824E+1  ,  0.5508427E-6
 0.6961883E+1  ,  0.5494980E-6
 0.6971943E+1  ,  0.5481646E-6
 0.6982002E+1  ,  0.5468424E-6
 0.6992061E+1  ,  0.5455316E-6
 0.7002121E+1  ,  0.5442321E-6
 0.7012180E+1  ,  0.5429440E-6
 0.7022240E+1  ,  0.5416673E-6
 0.7032299E+1  ,  0.5404020E-6
 0.7042358E+1  ,  0.5391483E-6
 0.7052418E+1  ,  0.5379061E-6
 0.7062477E+1  ,  0.5366756E-6
 0.7072536E+1  ,  0.5354566E-6
 0.7082596E+1  ,  0.5342494E-6
 0.7092655E+1  ,  0.5330539E-6
 0.7102715E+1  ,  0.5318702E-6
 0.7112774E+1  ,  0.5306985E-6
 0.7122833E+1  ,  0.5295386E-6
 0.7132893E+1  ,  0.5283908E-6
 0.7142952E+1  ,  0.5272551E-6
 0.7153011E+1  ,  0.5261316E-6
 0.7163071E+1  ,  0.5250203E-6
 0.7173130E+1  ,  0.5239214E-6
 0.7183189E+1  ,  0.5228348E-6
 0.7193249E+1  ,  0.5217609E-6
 0.7203308E+1  ,  0.5206995E-6
 0.7213368E+1  ,  0.5196508E-6
 0.7223427E+1  ,  0.5186150E-6
 0.7233486E+1  ,  0.5175922E-6
 0.7243546E+1  ,  0.5165824E-6
 0.7253605E+1  ,  0.5155858E-6
 0.7263664E+1  ,  0.5146025E-6
 0.7273724E+1  ,  0.5136326E-6
 0.7283783E+1  ,  0.5126763E-6
 0.7293843E+1  ,  0.5117338E-6
 0.7303902E+1  ,  0.5108051E-6
 0.7313961E+1  ,  0.5098904E-6
 0.7324021E+1  ,  0.5089900E-6
 0.7334080E+1  ,  0.5081039E-6
 0.7344139E+1  ,  0.5072323E-6
 0.7354199E+1  ,  0.5063755E-6
 0.7364258E+1  ,  0.5055336E-6
 0.7374318E+1  ,  0.5047067E-6
 0.7384377E+1  ,  0.5038952E-6
 0.7394436E+1  ,  0.5030992E-6
 0.7404496E+1  ,  0.5023190E-6
 0.7414555E+1  ,  0.5015547E-6
 0.7424614E+1  ,  0.5008067E-6
 0.7434674E+1  ,  0.5000751E-6
 0.7444733E+1  ,  0.4993602E-6
 0.7454793E+1  ,  0.4986623E-6
 0.7464852E+1  ,  0.4979817E-6
 0.7474911E+1  ,  0.4973187E-6
 0.7484971E+1  ,  0.4966735E-6
 0.7495030E+1  ,  0.4960465E-6
 0.7505089E+1  ,  0.4954380E-6
 0.7515149E+1  ,  0.4948484E-6
 0.7525208E+1  ,  0.4942779E-6
 0.7535268E+1  ,  0.4937271E-6
 0.7545327E+1  ,  0.4931961E-6
 0.7555386E+1  ,  0.4926855E-6
 0.7565446E+1  ,  0.4921957E-6
 0.7575505E+1  ,  0.4917270E-6
 0.7585564E+1  ,  0.4912800E-6
 0.7595624E+1  ,  0.4908551E-6
 0.7605683E+1  ,  0.4904527E-6
 0.7615743E+1  ,  0.4900734E-6
 0.7625802E+1  ,  0.4897178E-6
 0.7635861E+1  ,  0.4893863E-6
 0.7645921E+1  ,  0.4890795E-6
 0.7655980E+1  ,  0.4887980E-6
 0.7666039E+1  ,  0.4885424E-6
 0.7676099E+1  ,  0.4883135E-6
 0.7686158E+1  ,  0.4881117E-6
 0.7696217E+1  ,  0.4879379E-6
 0.7706277E+1  ,  0.4877928E-6
 0.7716336E+1  ,  0.4876771E-6
 0.7726396E+1  ,  0.4875916E-6
 0.7736455E+1  ,  0.4875371E-6
 0.7746514E+1  ,  0.4875146E-6
 0.7756574E+1  ,  0.4875249E-6
 0.7766633E+1  ,  0.4875689E-6
 0.7776692E+1  ,  0.4876477E-6
 0.7786752E+1  ,  0.4877622E-6
 0.7796811E+1  ,  0.4879135E-6
 0.7806871E+1  ,  0.4881029E-6
 0.7816930E+1  ,  0.4883313E-6
 0.7826989E+1  ,  0.4886001E-6
 0.7837049E+1  ,  0.4889106E-6
 0.7847108E+1  ,  0.4892641E-6
 0.7857167E+1  ,  0.4896619E-6
 0.7867227E+1  ,  0.4901057E-6
 0.7877286E+1  ,  0.4905969E-6
 0.7887346E+1  ,  0.4911372E-6
 0.7897405E+1  ,  0.4917283E-6
 0.7907464E+1  ,  0.4923719E-6
 0.7917524E+1  ,  0.4930700E-6
 0.7927583E+1  ,  0.4938245E-6
 0.7937642E+1  ,  0.4946375E-6
 0.7947702E+1  ,  0.4955112E-6
 0.7957761E+1  ,  0.4964479E-6
 0.7967821E+1  ,  0.4974501E-6
 0.7977880E+1  ,  0.4985201E-6
 0.7987939E+1  ,  0.4996608E-6
 0.7997999E+1  ,  0.5008750E-6
 0.8008058E+1  ,  0.5021656E-6
 0.8018117E+1  ,  0.5035359E-6
 0.8028177E+1  ,  0.5049890E-6
 0.8038236E+1  ,  0.5065286E-6
 0.8048296E+1  ,  0.5081584E-6
 0.8058355E+1  ,  0.5098822E-6
 0.8068414E+1  ,  0.5117042E-6
 0.8078474E+1  ,  0.5136289E-6
 0.8088533E+1  ,  0.5156609E-6
 0.8098592E+1  ,  0.5178051E-6
 0.8108652E+1  ,  0.5200667E-6
 0.8118711E+1  ,  0.5224515E-6
 0.8128771E+1  ,  0.5249652E-6
 0.8138830E+1  ,  0.5276141E-6
 0.8148889E+1  ,  0.5304050E-6
 0.8158949E+1  ,  0.5333450E-6
 0.8169008E+1  ,  0.5364417E-6
 0.8179067E+1  ,  0.5397032E-6
 0.8189127E+1  ,  0.5431381E-6
 0.8199186E+1  ,  0.5467558E-6
 0.8209246E+1  ,  0.5505660E-6
 0.8219305E+1  ,  0.5545794E-6
 0.8229364E+1  ,  0.5588073E-6
 0.8239424E+1  ,  0.5632619E-6
 0.8249483E+1  ,  0.5679562E-6
 0.8259542E+1  ,  0.5729042E-6
 0.8269602E+1  ,  0.5781211E-6
 0.8279661E+1  ,  0.5836231E-6
 0.8289720E+1  ,  0.5894277E-6
 0.8299780E+1  ,  0.5955537E-6
 0.8309839E+1  ,  0.6020217E-6
 0.8319899E+1  ,  0.6088537E-6
 0.8329958E+1  ,  0.6160736E-6
 0.8340017E+1  ,  0.6237074E-6
 0.8350077E+1  ,  0.6317833E-6
 0.8360136E+1  ,  0.6403319E-6
 0.8370195E+1  ,  0.6493865E-6
 0.8380255E+1  ,  0.6589838E-6
 0.8390314E+1  ,  0.6691632E-6
 0.8400374E+1  ,  0.6799685E-6
 0.8410433E+1  ,  0.6914473E-6
 0.8420492E+1  ,  0.7036518E-6
 0.8430552E+1  ,  0.7166398E-6
 0.8440611E+1  ,  0.7304746E-6
 0.8450670E+1  ,  0.7452263E-6
 0.8460730E+1  ,  0.7609722E-6
 0.8470789E+1  ,  0.7777983E-6
 0.8480849E+1  ,  0.7957999E-6
 0.8490908E+1  ,  0.8150831E-6
 0.8500967E+1  ,  0.8357664E-6
 0.8511027E+1  ,  0.8579824E-6
 0.8521086E+1  ,  0.8818796E-6
 0.8531145E+1  ,  0.9076253E-6
 0.8541205E+1  ,  0.9354080E-6
 0.8551264E+1  ,  0.9654409E-6
 0.8561324E+1  ,  0.9979661E-6
 0.8571383E+1  ,  0.1033259E-5
 0.8581442E+1  ,  0.1071634E-5
 0.8591502E+1  ,  0.1113453E-5
 0.8601561E+1  ,  0.1159130E-5
 0.8611620E+1  ,  0.1209146E-5
 0.8621680E+1  ,  0.1264058E-5
 0.8631739E+1  ,  0.1324515E-5
 0.8641799E+1  ,  0.1391279E-5
 0.8651858E+1  ,  0.1465247E-5
 0.8661917E+1  ,  0.1547480E-5
 0.8671977E+1  ,  0.1639243E-5
 0.8682036E+1  ,  0.1742056E-5
 0.8692095E+1  ,  0.1857749E-5
 0.8702155E+1  ,  0.1988550E-5
 0.8712214E+1  ,  0.2137194E-5
 0.8722274E+1  ,  0.2307059E-5
 0.8732333E+1  ,  0.2502365E-5
 0.8742392E+1  ,  0.2728436E-5
 0.8752452E+1  ,  0.2992065E-5
 0.8762511E+1  ,  0.3302030E-5
 0.8772570E+1  ,  0.3669831E-5
 0.8782630E+1  ,  0.4110771E-5
 0.8792689E+1  ,  0.4645569E-5
 0.8802749E+1  ,  0.5302836E-5
 0.8812808E+1  ,  0.6122973E-5
 0.8822867E+1  ,  0.7164517E-5
 0.8832927E+1  ,  0.8514861E-5
 0.8842986E+1  ,  0.1030915E-4
 0.8853045E+1  ,  0.1276534E-4
 0.8863105E+1  ,  0.1625340E-4
 0.8873164E+1  ,  0.2144251E-4
 0.8883223E+1  ,  0.2964542E-4
 0.8893283E+1  ,  0.4372976E-4
 0.8903342E+1  ,  0.7097067E-4
 0.8913402E+1  ,  0.1344423E-3
 0.8923461E+1  ,  0.3400861E-3
 0.8933520E+1  ,  0.1620282E-2
 0.8943580E+1  ,  0.2088788E-2
 0.8953639E+1  ,  0.3959225E-3
 0.8963698E+1  ,  0.1481728E-3
 0.8973758E+1  ,  0.7616813E-4
 0.8983817E+1  ,  0.4621854E-4
 0.8993877E+1  ,  0.3102512E-4
 0.9003936E+1  ,  0.2228851E-4
 0.9013995E+1  ,  0.1681257E-4
 0.9024055E+1  ,  0.1315767E-4
 0.9034114E+1  ,  0.1059867E-4
 0.9044173E+1  ,  0.8738354E-5
 0.9054233E+1  ,  0.7344444E-5
 0.9064292E+1  ,  0.6273808E-5
 0.9074352E+1  ,  0.5434390E-5
 0.9084411E+1  ,  0.4764838E-5
 0.9094470E+1  ,  0.4223028E-5
 0.9104530E+1  ,  0.3779304E-5
 0.9114589E+1  ,  0.3412346E-5
 0.9124648E+1  ,  0.3106579E-5
 0.9134708E+1  ,  0.2850487E-5
 0.9144767E+1  ,  0.2635517E-5
 0.9154827E+1  ,  0.2455351E-5
 0.9164886E+1  ,  0.2305445E-5
 0.9174945E+1  ,  0.2182761E-5
 0.9185005E+1  ,  0.2085671E-5
 0.9195064E+1  ,  0.2014055E-5
 0.9205123E+1  ,  0.1969653E-5
 0.9215183E+1  ,  0.1956843E-5
 0.9225242E+1  ,  0.1984217E-5
 0.9235302E+1  ,  0.2067833E-5
 0.9245361E+1  ,  0.2238277E-5
 0.9255420E+1  ,  0.2557516E-5
 0.9265480E+1  ,  0.3164390E-5
 0.9275539E+1  ,  0.4420835E-5
 0.9285598E+1  ,  0.7519270E-5
 0.9295658E+1  ,  0.1830424E-4
 0.9305717E+1  ,  0.9229612E-4
 0.9315777E+1  ,  0.7153059E-4
 0.9325836E+1  ,  0.1572282E-4
 0.9335895E+1  ,  0.6726028E-5
 0.9345955E+1  ,  0.3928587E-5
 0.9356014E+1  ,  0.2713097E-5
 0.9366073E+1  ,  0.2073315E-5
 0.9376133E+1  ,  0.1691796E-5
 0.9386192E+1  ,  0.1443309E-5
 0.9396251E+1  ,  0.1270457E-5
 0.9406311E+1  ,  0.1143927E-5
 0.9416370E+1  ,  0.1047474E-5
 0.9426430E+1  ,  0.9714936E-6
 0.9436489E+1  ,  0.9100052E-6
 0.9446548E+1  ,  0.8591213E-6
 0.9456608E+1  ,  0.8162213E-6
 0.9466667E+1  ,  0.7794838E-6
 0.9476726E+1  ,  0.7476093E-6
 0.9486786E+1  ,  0.7196496E-6
 0.9496845E+1  ,  0.6949002E-6
 0.9506905E+1  ,  0.6728301E-6
 0.9516964E+1  ,  0.6530355E-6
 0.9527023E+1  ,  0.6352095E-6
 0.9537083E+1  ,  0.6191217E-6
 0.9547142E+1  ,  0.6046068E-6
 0.9557201E+1  ,  0.5915604E-6
 0.9567261E+1  ,  0.5799419E-6
 0.9577320E+1  ,  0.5697896E-6
 0.9587380E+1  ,  0.5612532E-6
 0.9597439E+1  ,  0.5546637E-6
 0.9607498E+1  ,  0.5506793E-6
 0.9617558E+1  ,  0.5506172E-6
 0.9627617E+1  ,  0.5572835E-6
 0.9637676E+1  ,  0.5773672E-6
 0.9647736E+1  ,  0.6298968E-6
 0.9657795E+1  ,  0.7869441E-6
 0.9667855E+1  ,  0.1503805E-5
 0.9677914E+1  ,  0.5808986E-5
 0.9687973E+1  ,  0.1550355E-5
